110 [110, 74, 54, 44, 5, -47]
117 [117, 82, 56, 47, 22, 0]
117 [108, 95, 44, 35, 27, 23]
117 [108, 108, 98, 34, 21, 7]
117 [112, 107, 91, 24, 5, 5]
117 [94, 73, 68, 56, 11, -3]
117 [107, 65, 65, 56, 26, 10]
117 [87, 76, 59, 49, 29, -18]
117 [82, 76, 62, 56, 55, 17]
117 [93, 90, 62, 57, 49, 39]
117 [67, 60, 60, 54, 49, 35]
117 [91, 85, 72, 70, 19, 14]
117 [93, 79, 60, 48, 37, 23]
117 [81, 69, 46, 44, 25, -7]
117 [62, 52, 46, 42, 35, 34]
117 [72, 48, 47, 43, 42, 30]
117 [58, 57, 30, 20, 18, 13]
117 [59, 55, 38, 32, 22, 20]
117 [57, 44, 41, 26, 20, 15]
117 [40, 40, 27, 15, 14, 1]
117 [46, 43, 36, 25, -5, -35]
117 [81, 47, 8, -5, -21, -77]
117 [92, 54, 37, 27, 6, -19]
117 [100, 86, 72, 48, -2, -11]
117 [114, 90, 57, 57, 3, 2]
117 [74, 70, 62, 53, 35, 23]
117 [79, 68, 60, 49, 38, 11]
117 [78, 72, 47, 38, 30, 12]
117 [117, 117, 82, 37, 21, 15]
155 [155, 142, 99, 38, 33, 17]
188 [188, 164, 140, 100, 39, 14]
195 [195, 125, 122, 82, 65, 60]
195 [165, 117, 84, 84, 74, 40]
240 [240, 93, 87, 14, 9, 3]
240 [239, 37, 24, 16, 14, -18]
240 [190, 44, 39, 33, -11, -29]
240 [61, 23, 16, -26, -28, -42]
240 [50, 24, 5, -9, -13, -39]
240 [72, 62, -14, -29, -37, -68]
240 [51, 42, 27, -18, -39, -57]
240 [72, 50, 43, 42, 16, -9]
240 [92, 76, 48, 43, 36, 14]
240 [149, 96, 63, 47, 41, 5]
240 [139, 108, 73, 36, 34, 19]
240 [195, 129, 118, 31, 30, 8]
240 [117, 117, 116, 69, 37, -9]
240 [131, 47, 45, 37, 18, -33]
240 [136, 85, 46, 2, 2, -33]
240 [161, 155, 148, 142, 127, 83]
240 [217, 162, 154, 136, 103, 92]
240 [208, 126, 126, 116, 104, 102]
240 [173, 169, 115, 108, 78, 66]
240 [170, 125, 116, 78, 78, 67]
240 [135, 128, 125, 97, 93, 79]
240 [111, 101, 80, 75, 70, 55]
240 [129, 111, 77, 70, 50, 32]
240 [105, 94, 78, 53, 44, 40]
